000000316928
000000189148
000000104629
000000547196
000000426377
000000089618
000000225989
000000220793
000000394244
000000092206
000000406250
000000273184
000000156341
000000361811
000000031745
000000044998
000000114108
000000346614
000000038693
000000114788
000000190187
000000310150
008869
000000086072
000000092173
000000558142
000000535355
000000139748
000000574077
000000218223
000000531362
000000571876
000000226034
000000295016
000000563898
000000164725
000000341892
000000093314
000000152060
000000523470
000000528966
000000374498
000000249240
000000520736
000000565903
000000060450
000000173932
000000212935
000000238641
000000388795
000000411561
000000100558
000000324829
000000273329
000000559516
000000230190
000000178812
2008_000202
000000497483
2009_002530
000000457732
2010_000866
000000142569
000000222444
000000201825
000000543118
000000207172
000000210782
000000035382
000000324507
000000133119
000000320936
000000118916
000000172974
006528
000000278936
000000207969
000000351827
000000363202
000000031324
000000498967
000000362744
000000568369
000000383594
000000459723
000000534419
000000326148
000000559780
000000492639
000000132493
000000488563
000000194820
000000143636
000000343383
000000093400
000000518321
000000190826
000000097747
000000487310
000000463176
000000058681
000000561491
000000409767
000000581744
000000034086
000000422866
000000020528
000000053091
000000295159
000000114239
000000534121
000000042081
2008_005758
000000362213
000000277479
000000501138
000000039852
000000025192
000000021197
000000347115
000000425859
000000565429
2010_002879
000000031971
000000070787
000000043290
000000288506
000000292533
000000140328
000000431671
000000156833
000000042427
000000091527
000000107686
000000122962
000000462006
000000131063
000000073460
000000456724
000000549876
000000146155
000000375665
000000329151
000000353317
000000369259
000000017468
000000303652
000000010046
000000437180
000000255399
000000034785
000000434070
000000441313
000000166201
000000306925
000000250400
000000110442
000000281021
000000207995
000000083059
000000350389
000000410182
000000434898
000000522741
000000580741
000000367569
008571
000000321885
000000249968
000000484273
000000138915
000000309563
000000390731
000000505822
000000006358
000000243580
000000138785
000000402806
000000181888
000000452524
000000387976
000000138025
000000556641
000000373170
000000551795
000000105546
000000317062
000000206147
000000346503
000000510414
000000181562
000000420490
000000472253
000000162390
000000201727
000000569148
000000191706
000000168122
000000001682
000000547369
000000374878
000000151938
000000520401
000000437541
000000523400
000000176841
000000414479
000000512787
000000239339
000000525162
000000064492
000000399452
000000123677
000000211164